
<!-- saved from url=(0119)https://weather.uwyo.edu/cgi-bin/sounding?region=naconf&TYPE=TEXT%3ALIST&YEAR=2022&MONTH=01&FROM=1512&TO=1512&STNM=sbbe -->
<html><head><meta http-equiv="Content-Type" content="text/html; charset=UTF-8"><title>University of Wyoming - Radiosonde Data</title>
</head><body bgcolor="white">
<h2>82193 SBBE Belem (Aeroporto) Observations at 12Z 15 Jan 2022</h2>
<pre>-----------------------------------------------------------------------------
   PRES   HGHT   TEMP   DWPT   RELH   MIXR   DRCT   SKNT   THTA   THTE   THTV
    hPa     m      C      C      %    g/kg    deg   knot     K      K      K 
-----------------------------------------------------------------------------
 1012.0     16   25.8   23.3     86  18.17    130      3  297.9  350.9  301.2
 1000.0    127   24.2   22.8     92  17.83     95      3  297.4  349.2  300.5
  988.0    233   23.8   22.3     91  17.48     50     13  298.0  348.9  301.1
  976.0    340   23.4   21.8     91  17.14     45     18  298.6  348.7  301.7
  964.0    448   23.0   21.2     90  16.80     40     16  299.2  348.4  302.2
  925.0    809   21.6   19.5     88  15.68     50     20  301.4  347.8  304.2
  864.0   1402   19.0   13.0     68  11.01     70     18  304.6  337.8  306.6
  850.0   1543   18.0   12.0     68  10.47     75     18  305.0  336.6  306.9
  826.0   1786   16.3   11.0     71  10.07     90     24  305.7  336.3  307.6
  769.0   2392   12.2    8.5     78   9.14     85     23  307.6  335.6  309.3
  764.0   2447   12.0    7.3     73   8.49     85     23  308.0  334.1  309.5
  742.0   2692   11.2    2.2     54   6.08     92     22  309.7  328.7  310.8
  736.0   2759   10.4    7.3     81   8.79     94     22  309.5  336.7  311.1
  716.0   2988    8.5    7.1     91   8.94    100     21  309.9  337.5  311.6
  700.0   3175    7.0    7.0    100   9.06     90     20  310.2  338.2  311.9
  691.0   3282    6.6    6.1     97   8.62     88     18  310.9  337.7  312.5
  682.0   3389    7.2    1.2     66   6.16     86     17  312.8  332.3  313.9
  677.0   3450    7.0   -1.0     57   5.28     85     16  313.2  330.1  314.2
  672.0   3511    6.8   -3.2     49   4.52     90     16  313.6  328.2  314.5
  657.0   3696    6.2   -3.8     49   4.42    105     17  315.0  329.3  315.8
  640.0   3910    4.4   -0.9     68   5.61     80     15  315.3  333.3  316.4
  631.0   4026    3.4    0.6     82   6.38     82     15  315.4  335.8  316.6
  601.0   4420    2.2  -10.8     38   2.81     90     16  318.5  327.9  319.0
  592.0   4542    1.8   -6.2     55   4.09     79     14  319.4  332.9  320.2
  584.0   4651    0.9   -3.6     72   5.05     70     12  319.6  336.2  320.6
  581.0   4693    0.6   -2.6     79   5.47     70     12  319.7  337.6  320.8
  560.0   4985   -1.7   -3.8     85   5.19     70     13  320.4  337.4  321.4
  541.0   5260   -3.8   -4.9     92   4.93     90     10  321.0  337.3  322.0
  533.0   5378   -4.8   -5.4     95   4.82     75     10  321.3  337.2  322.2
  530.0   5423   -5.1   -5.6     96   4.78     71     10  321.4  337.2  322.3
  500.0   5880   -6.5   -9.8     77   3.65     25      6  325.1  337.5  325.8
  488.0   6070   -6.9  -15.9     49   2.28     21      5  326.8  334.9  327.3
  474.0   6296   -8.7  -12.3     75   3.16     16      4  327.3  338.2  327.9
  467.0   6411   -9.5  -18.5     48   1.91     14      3  327.7  334.6  328.1
  461.0   6511  -10.3  -16.3     61   2.34     11      3  327.9  336.2  328.4
  448.0   6731  -11.9  -21.9     43   1.49      7      1  328.6  334.0  328.9
  444.0   6799  -12.3  -21.6     46   1.54      5      1  329.0  334.6  329.3
  426.0   7115  -14.1  -20.1     60   1.83    291      8  330.6  337.2  330.9
  420.0   7222  -14.8  -20.8     60   1.75    265     10  331.0  337.4  331.4
  404.0   7515  -16.7  -22.7     60   1.54    281     11  332.2  337.9  332.6
  400.0   7590  -16.5  -25.5     46   1.21    285     11  333.5  338.0  333.7
  396.0   7666  -16.1  -34.1     20   0.54    289     12  334.9  337.1  335.1
  390.0   7781  -16.7  -35.7     18   0.47    295     13  335.6  337.5  335.7
  377.0   8035  -18.9  -26.9     49   1.13    319     13  336.0  340.2  336.2
  374.0   8094  -18.9  -32.4     29   0.68    325     13  336.7  339.4  336.9
  371.0   8154  -18.9  -37.9     17   0.40    327     13  337.5  339.1  337.6
  363.0   8317  -19.5  -44.5      9   0.20    332     14  338.8  339.7  338.9
  351.0   8562  -21.7  -45.4     10   0.19    340     15  339.1  339.9  339.1
  333.0   8945  -25.2  -46.9     11   0.17    355     14  339.5  340.2  339.5
  312.0   9420  -29.5  -48.7     14   0.15    345     14  339.9  340.5  339.9
  310.0   9467  -29.9  -48.9     14   0.14    349     13  339.9  340.5  339.9
  307.0   9536  -30.5  -47.7     17   0.17    355     11  340.0  340.8  340.1
  300.0   9700  -31.9  -44.9     26   0.23    345      2  340.3  341.3  340.4
  283.0  10106  -35.6  -44.2     41   0.27    295      1  340.8  341.9  340.8
  265.0  10564  -39.7  -43.4     68   0.31    233      6  341.2  342.5  341.2
  252.0  10906  -42.5  -44.5     81   0.29    185     10  342.0  343.2  342.0
  250.0  10960  -42.9  -45.7     74   0.26    185     10  342.1  343.2  342.2
  245.0  11094  -44.0  -46.9     73   0.23    210     14  342.4  343.4  342.5
  232.0  11455  -47.1  -50.2     71   0.17    215     18  343.1  343.9  343.2
  226.0  11628  -48.6  -51.8     69   0.14    220     17  343.4  344.1  343.5
  224.0  11687  -49.1  -52.3     69   0.14    213     15  343.6  344.1  343.6
  219.0  11834  -49.9  -58.5     36   0.07    195     10  344.6  344.9  344.6
  215.0  11954  -50.5  -63.5     20   0.03    232      6  345.4  345.6  345.4
  212.0  12045  -51.2  -63.6     21   0.03    260      3  345.7  345.9  345.7
  200.0  12420  -54.1  -64.1     28   0.03    310      9  346.9  347.1  346.9
  199.0  12452  -54.4  -64.2     29   0.03    315     11  347.0  347.1  347.0
  184.0  12945  -58.9  -66.6     36   0.03    350     20  347.5  347.6  347.5
  173.0  13332  -62.5  -68.5     44   0.02    352     25  347.8  347.9  347.8
  162.0  13735  -65.5  -71.5     43   0.02    355     31  349.3  349.4  349.3
  159.0  13848  -65.5  -73.5     32   0.01    350     30  351.2  351.2  351.2
  153.0  14081  -67.7  -72.2     53   0.01    340     29  351.3  351.4  351.3
  150.0  14200  -67.9  -74.9     36   0.01    350     38  352.9  353.0  352.9
  146.0  14363  -68.3  -78.3     23   0.01    357     41  355.0  355.0  355.0
  144.0  14445  -68.9  -78.7     23   0.01      0     42  355.3  355.4  355.3
  134.0  14872  -72.0  -80.7     27   0.00    355     35  357.1  357.2  357.1
  129.0  15097  -73.7  -81.7     29   0.00      8     31  358.1  358.1  358.1
  118.0  15609  -76.4  -83.7     31   0.00     40     20  362.4  362.4  362.4
  109.0  16065  -78.7  -85.4     33   0.00     75      8  366.2  366.2  366.2
  100.0  16560  -81.3  -87.3     36   0.00    110     21  370.4  370.4  370.4
   94.0  16905  -82.6  -88.6     36   0.00    110     14  374.5  374.5  374.5
   88.0  17273  -83.9  -89.9     35   0.00    135     28  378.9  379.0  378.9
   87.2  17324  -84.1  -90.1     35   0.00    131     30  379.6  379.6  379.6
   85.0  17466  -84.4  -91.7     27   0.00    120     36  381.8  381.8  381.8
   83.9  17538  -84.5  -92.5     24   0.00    110     36  383.0  383.0  383.0
   81.4  17709  -75.1  -89.1     10   0.00     77     25  405.5  405.5  405.5
   79.5  17847  -72.7  -88.7      7   0.00     52     16  413.2  413.2  413.2
   79.0  17884  -72.8  -88.7      8   0.00     45     14  413.7  413.7  413.7
   77.0  18034  -73.4  -88.8      8   0.00     20     11  415.6  415.6  415.6
   74.0  18266  -74.2  -88.8      9   0.00    310     14  418.6  418.6  418.6
   71.6  18458  -74.9  -88.9     10   0.00    258     20  421.1  421.1  421.1
   71.0  18507  -74.4  -88.8      9   0.00    245     22  423.2  423.2  423.2
   70.0  18590  -73.5  -88.5      9   0.00    235     24  426.8  426.8  426.8
   69.0  18674  -73.2  -88.5      8   0.00    235     24  429.2  429.2  429.2
   66.8  18865  -72.5  -88.5      7   0.00    244     28  434.7  434.7  434.7
   64.0  19115  -73.5  -88.9      8   0.00    255     34  437.9  438.0  437.9
   61.7  19330  -74.3  -89.3      8   0.00    264     25  440.7  440.7  440.7
   60.0  19493  -74.1  -89.4      8   0.00    270     18  444.7  444.7  444.7
   58.0  19691  -73.9  -89.6      8   0.00    225     11  449.5  449.6  449.5
   56.6  19834  -73.7  -89.7      7   0.00    278      9  453.1  453.1  453.1
   55.0  20003  -71.7  -89.8      5   0.00    340      6  461.5  461.5  461.5
   53.0  20223  -69.0  -89.9      4   0.00     10     11  472.5  472.5  472.5
   52.9  20234  -68.9  -89.9      3   0.00     10     11  473.0  473.1  473.0
   50.0  20570  -70.7  -89.7      5   0.00     20     14  476.5  476.5  476.5
   47.0  20934  -71.3  -90.9      4   0.00    105     11  483.5  483.5  483.5
   46.0  21061  -71.5  -91.3      4   0.00    115     15  486.0  486.0  486.0
   45.2  21164  -71.7  -91.7      4   0.00    105     19  488.0  488.0  488.0
   44.0  21324  -70.4  -91.6      3   0.00     90     24  494.9  494.9  494.9
   40.2  21862  -66.1  -91.1      2   0.00     81     41  518.6  518.7  518.6
   40.0  21892  -66.0  -91.1      2   0.00     80     42  519.5  519.5  519.5
   38.0  22204  -65.4  -91.0      2   0.00    105     45  528.7  528.8  528.7
   34.0  22879  -64.1  -90.7      2   0.00     75     55  549.2  549.2  549.2
   32.2  23209  -63.5  -90.5      1   0.00     79     57  559.5  559.6  559.5
   30.1  23620  -64.9  -90.9      2   0.00     85     60  566.6  566.6  566.6
   30.0  23640  -64.9  -90.9      2   0.00     85     60  567.1  567.2  567.1
   27.3  24225  -57.9  -88.9      1   0.01     85     68  602.2  602.3  602.2
   25.0  24783  -55.5  -87.3      1   0.01     85     75  624.3  624.4  624.3
   24.6  24885  -55.1  -87.0      1   0.01     85     75  628.4  628.5  628.4
   24.4  24937  -54.9  -86.9      1   0.01     85     75  630.5  630.6  630.5
   24.0                                        85     75                     
</pre><h3>Station information and sounding indices</h3><pre>                         Station identifier: SBBE
                             Station number: 82193
                           Observation time: 220115/1200
                           Station latitude: -1.38
                          Station longitude: -48.48
                          Station elevation: 16.0
                            Showalter index: 1.83
                               Lifted index: -3.07
    LIFT computed using virtual temperature: -3.45
                                SWEAT index: 186.02
                                    K index: 36.50
                         Cross totals index: 18.50
                      Vertical totals index: 24.50
                        Totals totals index: 43.00
      Convective Available Potential Energy: 1052.60
             CAPE using virtual temperature: 1199.97
                      Convective Inhibition: -40.17
             CINS using virtual temperature: -23.66
                           Equilibrum Level: 165.72
 Equilibrum Level using virtual temperature: 165.60
                   Level of Free Convection: 825.68
             LFCT using virtual temperature: 854.51
                     Bulk Richardson Number: 123.42
          Bulk Richardson Number using CAPV: 140.70
  Temp [K] of the Lifted Condensation Level: 294.87
Pres [hPa] of the Lifted Condensation Level: 960.35
   Equivalent potential temp [K] of the LCL: 348.95
     Mean mixed layer potential temperature: 298.31
              Mean mixed layer mixing ratio: 17.38
              1000 hPa to 500 hPa thickness: 5753.00
Precipitable water [mm] for entire sounding: 51.80
</pre>
<p>Description of the 
<a href="https://weather.uwyo.edu/upperair/columns.html">data columns</a>
or <a href="https://weather.uwyo.edu/upperair/indices.html">sounding indices</a>.

</p><p>
</p><form>
<input class="button" type="button" value=" Close this window " onclick="window.close();">
<input class="button" type="button" value=" Select another map " onclick="window.blur();">
</form>
<hr size="1">
<i>Interested in graduate studies in atmospheric science?
Check out our program at the
<a href="http://www.uwyo.edu/atsc/howtoapply/" target="_top">University of Wyoming
</a></i>
<hr size="1"><font size="-1">
Questions about the weather data provided by this site can be
addressed to <a href="mailto:ldoolman@uwyo.edu">
Larry Oolman (ldoolman@uwyo.edu)</a></font>
<hr size="1">
<script type="text/javascript">
<!--
window.focus();
// -->
</script>


</body></html>